{
 "cells": [
  {
   "cell_type": "code",
   "execution_count": 1,
   "metadata": {},
   "outputs": [],
   "source": [
    "import numpy as np\n",
    "import scipy.optimize as opt\n",
    "from scipy.stats import entropy\n"
   ]
  },
  {
   "cell_type": "code",
   "execution_count": 2,
   "metadata": {},
   "outputs": [],
   "source": [
    "\n",
    "# Generate synthetic data\n",
    "np.random.seed(0)\n",
    "n, k = 100, 3\n",
    "X = np.random.randn(n, k)\n",
    "beta_true = np.array([1.5, -2.0, 0.5])\n",
    "epsilon = np.random.randn(n)\n",
    "y = X @ beta_true + epsilon\n"
   ]
  },
  {
   "cell_type": "code",
   "execution_count": 3,
   "metadata": {},
   "outputs": [],
   "source": [
    "\n",
    "# OLS Estimator\n",
    "beta_ols = np.linalg.inv(X.T @ X) @ X.T @ y\n"
   ]
  },
  {
   "cell_type": "code",
   "execution_count": 6,
   "metadata": {},
   "outputs": [],
   "source": [
    "\n",
    "# ME Estimator\n",
    "# Define the discrete support space for errors\n",
    "r = 5\n",
    "e_support = np.linspace(-3, 3, r)\n",
    "\n",
    "def me_objective(q, y, X, beta, e_support):\n",
    "    # Calculate the errors\n",
    "    epsilon_est = np.dot(q.reshape((n, r)), e_support)\n",
    "    # Calculate the residuals\n",
    "    residuals = y - X @ beta - epsilon_est\n",
    "    # Calculate the entropy\n",
    "    q = q.reshape((n, r))\n",
    "    return -np.sum(entropy(q.T))\n",
    "\n",
    "# Constraints\n",
    "def me_constraints(q, y, X, beta, e_support):\n",
    "    q = q.reshape((n, r))\n",
    "    epsilon_est = np.dot(q, e_support)\n",
    "    return y - X @ beta - epsilon_est\n",
    "\n",
    "# Initial guess\n",
    "q0 = np.full((n * r), 1/r)\n",
    "\n",
    "# Bounds for q\n",
    "bounds = [(0, 1) for _ in range(n * r)]\n",
    "\n",
    "# Constraints for optimization\n",
    "constraints = [{'type': 'eq', 'fun': me_constraints, 'args': (y, X, beta_ols, e_support)},\n",
    "               {'type': 'eq', 'fun': lambda q: np.sum(q.reshape((n, r)), axis=1) - 1}]\n",
    "\n",
    "# Optimization\n",
    "result = opt.minimize(me_objective, q0, args=(y, X, beta_ols, e_support),\n",
    "                      method='SLSQP', bounds=bounds, constraints=constraints)\n"
   ]
  },
  {
   "cell_type": "code",
   "execution_count": 8,
   "metadata": {},
   "outputs": [
    {
     "name": "stdout",
     "output_type": "stream",
     "text": [
      "True Beta: [ 1.5 -2.   0.5]\n",
      "OLS Beta: [ 1.4371939  -2.07089475  0.56618568]\n",
      "ME Beta: [ 1.4371939  -2.07089475  0.56618568]\n",
      "ME Beta: [[0.40262604 0.2580451  0.16539847 0.10599225 0.06793813]\n",
      " [0.01906018 0.04481781 0.10540518 0.24785928 0.58285755]\n",
      " [0.208406   0.2041152  0.19991334 0.19579806 0.1917674 ]\n",
      " [0.31172148 0.24189394 0.18769759 0.14565724 0.11302975]\n",
      " [0.1178677  0.14934408 0.18922102 0.23976849 0.30379871]\n",
      " [0.24503641 0.22011019 0.19771412 0.17760364 0.15953564]\n",
      " [0.3974237  0.25751752 0.16687659 0.10811643 0.07006576]\n",
      " [0.39525106 0.25728394 0.16748729 0.10901042 0.07096729]\n",
      " [0.11407578 0.14646223 0.18803827 0.24143887 0.30998485]\n",
      " [0.2218972  0.21036435 0.19943056 0.1890665  0.17924138]\n",
      " [0.20515297 0.20254359 0.19996733 0.19742368 0.19491243]\n",
      " [0.09554646 0.1315037  0.18098932 0.24910811 0.34285242]\n",
      " [0.34653461 0.24984336 0.1801254  0.12986611 0.09363052]\n",
      " [0.30995526 0.24143076 0.18804405 0.14647608 0.11409385]\n",
      " [0.24499955 0.22009564 0.19771751 0.17762157 0.15956573]\n",
      " [0.20991241 0.20483483 0.19987959 0.195045   0.19032817]\n",
      " [0.21346757 0.20651072 0.19978031 0.19326974 0.18697166]\n",
      " [0.23052138 0.21413696 0.19891559 0.18477898 0.17164709]\n",
      " [0.2050222  0.20247973 0.19996908 0.1974888  0.19504019]\n",
      " [0.21483696 0.20714798 0.19973435 0.19258623 0.18569449]\n",
      " [0.310547   0.241587   0.18792838 0.14620145 0.11373617]\n",
      " [0.33638708 0.24775723 0.18247187 0.13439849 0.09898534]\n",
      " [0.16620498 0.18160671 0.19843587 0.21682889 0.23692354]\n",
      " [0.32970789 0.24628112 0.18395566 0.13741422 0.1026411 ]\n",
      " [0.39618645 0.25738573 0.16722459 0.10862507 0.07057816]\n",
      " [0.25377795 0.22348529 0.1968015  0.17331328 0.15262199]\n",
      " [0.21302504 0.20630396 0.19979391 0.19349104 0.18738605]\n",
      " [0.00404456 0.01481453 0.05429108 0.19880183 0.728048  ]\n",
      " [0.28113616 0.23301482 0.19311746 0.16006842 0.13266313]\n",
      " [0.10839955 0.14204042 0.18611258 0.24388203 0.31956542]\n",
      " [0.10755162 0.14136821 0.18580855 0.24424084 0.32103079]\n",
      " [0.38615721 0.25621389 0.17000391 0.11279271 0.07483228]\n",
      " [0.0980384  0.13360697 0.18207239 0.24813301 0.33814923]\n",
      " [0.34603523 0.24974486 0.18024357 0.13008765 0.0938887 ]\n",
      " [0.78538042 0.16881961 0.03631375 0.00779022 0.001696  ]\n",
      " [0.11220417 0.14501891 0.18742449 0.24225215 0.31310028]\n",
      " [0.49475717 0.25973763 0.13634706 0.07157302 0.03758513]\n",
      " [0.15952377 0.17759573 0.19771268 0.22011619 0.24505163]\n",
      " [0.30601462 0.24037486 0.1888029  0.14830959 0.11649802]\n",
      " [0.03893853 0.07330086 0.13805555 0.2600233  0.48968176]\n",
      " [0.08846562 0.12536398 0.17765462 0.25175609 0.35675969]\n",
      " [0.25843386 0.22521675 0.19626043 0.17103894 0.14905002]\n",
      " [0.29306372 0.23669422 0.19115514 0.15439291 0.124694  ]\n",
      " [0.41208816 0.25888186 0.16265941 0.10218954 0.06418102]\n",
      " [0.26295523 0.22685468 0.19570011 0.1688377  0.14565228]\n",
      " [0.22518391 0.21182239 0.19925256 0.18743055 0.17631059]\n",
      " [0.24479261 0.22001366 0.19773739 0.17772336 0.15973299]\n",
      " [0.17997831 0.18947396 0.19947134 0.20999777 0.22107862]\n",
      " [0.10156258 0.13653106 0.18352736 0.24672051 0.33165849]\n",
      " [0.15516632 0.17490914 0.19715717 0.2222468  0.25052057]\n",
      " [0.28803103 0.23517604 0.19200775 0.15677948 0.12800571]\n",
      " [0.44893414 0.26069698 0.15137311 0.08793553 0.05106024]\n",
      " [0.05236501 0.08940186 0.15263878 0.26060616 0.44498819]\n",
      " [0.33598086 0.24767007 0.18256341 0.13458102 0.09920464]\n",
      " [0.27328974 0.23043843 0.19429478 0.16383682 0.13814023]\n",
      " [0.26263085 0.22673879 0.19574113 0.16899562 0.14589361]\n",
      " [0.53243215 0.25628084 0.12334628 0.05935776 0.02858298]\n",
      " [0.25007907 0.22207732 0.19720398 0.17512553 0.1555141 ]\n",
      " [0.26359933 0.22708469 0.19561755 0.16852479 0.14517365]\n",
      " [0.13389841 0.16092705 0.19339458 0.23243696 0.279343  ]\n",
      " [0.12546387 0.15495145 0.19135829 0.23634315 0.29188324]\n",
      " [0.19807323 0.19903182 0.19999523 0.20096351 0.20193622]\n",
      " [0.09584846 0.13176005 0.18112304 0.24899122 0.34227723]\n",
      " [0.15866706 0.1770722  0.19760827 0.22053593 0.24611654]\n",
      " [0.21849223 0.20882755 0.19959097 0.19076279 0.18232646]\n",
      " [0.18044959 0.18973353 0.19949715 0.20976294 0.22055679]\n",
      " [0.19150538 0.19566174 0.19990745 0.20424617 0.20867926]\n",
      " [0.25326001 0.22329006 0.19685922 0.17356667 0.15302404]\n",
      " [0.2480518  0.22129284 0.19741443 0.17612075 0.15712018]\n",
      " [0.38594564 0.25618688 0.17006197 0.11288144 0.07492408]\n",
      " [0.16099813 0.1784924  0.19788486 0.21939261 0.24323201]\n",
      " [0.36944525 0.2538677  0.17444863 0.11987491 0.0823635 ]\n",
      " [0.11533666 0.14742688 0.18844049 0.24088625 0.30790972]\n",
      " [0.24160189 0.21873903 0.19803493 0.1792955  0.16232864]\n",
      " [0.17967413 0.18930574 0.19945475 0.21014909 0.2214163 ]\n",
      " [0.13946258 0.16473098 0.19455973 0.22981165 0.27143506]\n",
      " [0.1189344  0.15014455 0.18953953 0.23929345 0.30208808]\n",
      " [0.4980613  0.25953549 0.13522418 0.07045298 0.03672605]\n",
      " [0.2454494  0.22027344 0.19767418 0.1774001  0.15920287]\n",
      " [0.11352393 0.14603794 0.1878592  0.24167931 0.31089962]\n",
      " [0.5200118  0.25766238 0.12768928 0.06326074 0.0313758 ]\n",
      " [0.1435226  0.16743911 0.19532558 0.22787614 0.26583657]\n",
      " [0.59901937 0.24423845 0.09956181 0.04062914 0.01655122]\n",
      " [0.36516699 0.25318773 0.17554639 0.12171443 0.08438446]\n",
      " [0.20279141 0.20138618 0.19998993 0.19860438 0.19722811]\n",
      " [0.47586988 0.26056757 0.14267493 0.07810977 0.04277785]\n",
      " [0.3509631  0.2506945  0.17906835 0.1279079  0.09136614]\n",
      " [0.46889098 0.26073484 0.14497057 0.08059875 0.04480486]\n",
      " [0.04736956 0.08363073 0.14768226 0.26077568 0.46054177]\n",
      " [0.18160107 0.1903663  0.19955567 0.20918913 0.21928782]\n",
      " [0.16604056 0.18150965 0.19842022 0.21691026 0.23711931]\n",
      " [0.23021911 0.21400768 0.19893644 0.18492875 0.17190801]\n",
      " [0.22703529 0.21263257 0.1991424  0.18651013 0.17467961]\n",
      " [0.47340456 0.26061745 0.14349629 0.07898281 0.04349888]\n",
      " [0.23407326 0.21564175 0.1986598  0.18301753 0.16860767]\n",
      " [0.33554588 0.24757588 0.18266149 0.13477688 0.09943987]\n",
      " [0.08478302 0.12207463 0.17575864 0.25305129 0.36433242]\n",
      " [0.05907541 0.09680416 0.15860679 0.2598164  0.42569725]\n",
      " [0.04551163 0.08144451 0.14572303 0.26072597 0.46659486]\n",
      " [0.10343817 0.13806304 0.18426756 0.24595393 0.3282773 ]]\n"
     ]
    }
   ],
   "source": [
    "\n",
    "# Calculate ME estimator errors\n",
    "q_opt = result.x.reshape((n, r))\n",
    "epsilon_me = np.dot(q_opt, e_support)\n",
    "\n",
    "# Adjust y to remove the estimated errors for beta estimation\n",
    "y_adjusted = y - epsilon_me\n",
    "beta_me = np.linalg.inv(X.T @ X) @ X.T @ y_adjusted\n",
    "\n",
    "# Compare the results\n",
    "print(\"True Beta:\", beta_true)\n",
    "print(\"OLS Beta:\", beta_ols)\n",
    "print(\"ME Beta:\", beta_me)\n",
    "print(\"ME Beta:\", q_opt)"
   ]
  },
  {
   "cell_type": "code",
   "execution_count": null,
   "metadata": {},
   "outputs": [],
   "source": [
    "\n",
    "# Initial guess\n",
    "q0 = np.full((n, r), 1/r)\n",
    "\n",
    "# Bounds for q\n",
    "bounds = [(0, 1) for _ in range(n * r)]\n",
    "\n",
    "# Constraints for optimization\n",
    "constraints = [{'type': 'eq', 'fun': me_constraints, 'args': (y, X, beta_ols, e_support)},\n",
    "               {'type': 'eq', 'fun': lambda q: np.sum(q.reshape((n, r)), axis=1) - 1}]\n",
    "\n",
    "# Optimization\n",
    "result = opt.minimize(me_objective, q0, args=(y, X, beta_ols, e_support),\n",
    "                      method='SLSQP', bounds=bounds, constraints=constraints)\n",
    "\n",
    "# Calculate ME estimator errors\n",
    "q_opt = result.x.reshape((n, r))\n",
    "epsilon_me = np.dot(q_opt, e_support)\n",
    "\n",
    "# Adjust y to remove the estimated errors for beta estimation\n",
    "y_adjusted = y - epsilon_me\n",
    "beta_me = np.linalg.inv(X.T @ X) @ X.T @ y_adjusted\n",
    "\n",
    "# Compare the results\n",
    "print(\"True Beta:\", beta_true)\n",
    "print(\"OLS Beta:\", beta_ols)\n",
    "print(\"ME Beta:\", beta_me)\n"
   ]
  }
 ],
 "metadata": {
  "kernelspec": {
   "display_name": "base",
   "language": "python",
   "name": "python3"
  },
  "language_info": {
   "codemirror_mode": {
    "name": "ipython",
    "version": 3
   },
   "file_extension": ".py",
   "mimetype": "text/x-python",
   "name": "python",
   "nbconvert_exporter": "python",
   "pygments_lexer": "ipython3",
   "version": "3.9.19"
  }
 },
 "nbformat": 4,
 "nbformat_minor": 2
}
